#format
#relative x, relative y: srcx, srcy, width, height, dstx, dsty, (clip list)
-4,5: 0, 23, 3, 1, 0, 12, ()
-3,5: 0, 23, 7, 1, 3, 12, ()
-2,5: 0, 23, 7, 1, 10, 12, ()
-1,5: 0, 23, 7, 1, 17, 12, ()
0, 5: 0, 23, 6, 1, 24, 12, ()
1, 5: 0, 23, 7, 1, 30, 12, ()
2, 5: 0, 23, 7, 1, 37, 12, ()
3, 5: 0, 23, 7, 1, 44, 12, ()
4, 5: 0, 23, 3, 1, 51, 12, ()
-4,4: 23, 10, 3, 3, 0, 11, (0,1,2)
-3,4: 0, 0, 10, 3, 0, 11, (4,5,6,7,8,9)
-2,4: 10, 0, 13, 3, 4, 11, (9,10,11,12)
-1,4: 23, 0, 11, 3, 13, 11, (9,10)
0, 4: 31, 53, 10, 3, 22, 11, ()
1, 4: 23, 20, 11, 3, 30, 11, (0,1)
2, 4: 34, 20, 13, 3, 37, 11, (0,1,2,3)
3, 4: 47, 20, 10, 3, 44, 11, (0,1,2,3,4,5)
4, 4: 31, 10, 3, 3, 51, 11, (0,1,2)
-3,3: 23, 14, 4, 5, 0, 10, (0,1,2,3)
-2,3: 0, 3, 13, 7, 0, 9, (5,6,7,8,22,23,24,25)
-1,3: 13, 3, 17, 7, 5, 9, (13,14,32,33)
0, 3: 31, 45, 18, 7, 18, 9, ()
1, 3: 27, 13, 17, 7, 32, 9, (2,3,17,18)
2, 3: 44, 13, 13, 7, 41, 9, (4,5,6,7,13,14,15,16)
3, 3: 30, 4, 4, 5, 50, 10, (0,1,2,3)
-2,2: 0, 11, 5, 11, 0, 7, (0,6,7,8,9)
-1,2: 5, 10, 18, 13, 0, 6, (12,13,32,33,52,53)
0, 2: 0, 45, 30, 13, 12, 6, ()
1, 2: 34, 0, 18, 13, 36, 6, (4,5,20,21,36,37)
2, 2: 52, 1, 5, 11, 49, 7, (4,5,6,7,8)
-1,1: 57, 0, 12, 21, 0, 2, (4,5,18,19,32,33,46,47)
0, 1: 0, 23, 46, 21, 4, 2, ()
1, 1: 61, 25, 12, 21, 42, 2, (6,7,16,17,26,27,36,37)
-1,0: 69, 0, 4, 25, 0, 0, (0,1,6,7)
0, 0: 0, 23, 54, 25, 0, 0, ()
1, 0: 57, 21, 4, 25, 50, 0, (2,3,4,5)